start_time	channel_number	read_number	template_events	complement_events
1480018401	108	39	0	0
1480020188	263	268	0	0
1480021259	351	184	0	0
1480018647	507	49	0	0
1480021858	210	176	0	0
1480022636	181	339	0	0
1480024226	253	303	0	0
1480019709	499	80	0	0
1480023785	115	296	0	0
1480021086	143	164	0	0
1480019200	40	81	0	0
1480018538	197	55	0	0
1480022586	41	284	0	0
1480020779	108	140	0	0
1480022606	312	279	0	0
1480021291	166	188	0	0
1480019438	54	73	0	0
1480020359	461	143	0	0
1480019892	492	116	0	0
1480019041	94	76	0	0
1480023015	365	243	0	0
1480018587	490	26	0	0
1480017946	270	11	0	0
1480023189	249	177	0	0
1480017922	165	12	0	0
1480019084	358	87	0	0
1480020705	444	150	0	0
1480020955	324	179	0	0
1480023864	150	277	0	0
1480018199	444	29	0	0
1480022313	261	202	0	0
1480021306	181	249	0	0
1480021565	238	204	0	0
1480017967	212	14	0	0
1480018825	18	27	0	0
1480018481	197	52	0	0
1480020252	314	130	0	0
1480020376	318	135	0	0
1480020220	362	89	0	0
1480023153	505	260	0	0
1480019936	236	104	0	0
1480020457	291	17324	0	0
1480022548	204	175	0	0
1480019631	481	92	0	0
1480019368	419	63	0	0
1480018200	348	26	0	0
1480023545	35	350	0	0
1480020121	76	125	0	0
1480018223	319	26	0	0
1480022975	113	248	0	0
1480018804	56	50	0	0
1480021468	362	153	0	0
1480018686	238	44	0	0
1480019850	5	109	0	0
1480018164	91	30	0	0
1480023081	40	270	0	0
1480022801	3	212	0	0
1480020779	437	174	0	0
1480024183	505	298	0	0
1480019899	373	90	0	0
1480020649	491	177	0	0
1480021678	351	213	0	0
1480017792	274	7	0	0
1480019598	26	85	0	0
1480022760	52	252	0	0
1480018645	268	56	0	0
1480020371	188	136	0	0
1480020245	68	150	0	0
1480024627	189	406	0	0
1480019029	102	51	0	0
1480023781	352	310	0	0
1480021963	383	259	0	0
1480017904	351	7	0	0
1480018624	306	44	0	0
1480022558	261	217	0	0
1480022484	205	194	0	0
1480018292	263	39	0	0
1480018480	271	44	0	0
1480022581	162	213	0	0
1480020123	485	134	0	0
1480019857	1	86	0	0
1480020487	505	148	0	0
1480022225	357	227	0	0
1480019832	497	116	0	0
1480019311	396	53	0	0
1480022052	477	205	0	0
1480021483	279	179	0	0
1480023754	398	239	0	0
1480018756	184	28	0	0
1480018721	357	43	0	0
1480024649	305	379	0	0
1480019443	8	75	0	0
1480024381	470	282	0	0
1480020071	126	82	0	0
1480020291	293	126	0	0
1480024588	481	398	0	0
1480018001	164	15	0	0
1480019762	207	101	0	0
1480023289	103	337	0	0
1480018432	353	17	0	0
1480022080	59	290	0	0
1480018461	424	48	0	0
1480019862	359	120	0	0
1480019939	204	85	0	0
1480023073	75	239	0	0
1480023743	348	259	0	0
1480018645	292	48	0	0
1480018724	253	58	0	0
1480018951	155	66	0	0
1480018995	105	73	0	0
1480019437	505	78	0	0
1480023153	103	330	0	0
1480020245	367	88	0	0
1480018973	452	40	0	0
1480024439	180	320	0	0
1480022159	217	221	0	0
1480020800	241	179	0	0
1480018215	248	29	0	0
1480023616	369	191	0	0
1480023398	505	275	0	0
1480019317	355	98	0	0
1480020023	33	129	0	0
1480023992	217	303	0	0
1480018291	195	31	0	0
1480022096	162	184	0	0
1480017994	241	22	0	0
1480019464	420	104	0	0
1480021858	106	252	0	0
1480018800	208	53	0	0
1480021364	98	115	0	0
1480021620	86	198	0	0
1480024353	175	337	0	0
1480018572	463	57	0	0
1480021633	280	251	0	0
1480020205	482	128	0	0
1480018094	512	20	0	0
1480018513	41	48	0	0
1480022414	263	369	0	0
1480023153	241	302	0	0
1480018154	458	19	0	0
1480022343	491	269	0	0
1480020331	485	150	0	0
1480018171	409	19	0	0
1480021217	473	145	0	0
1480021242	444	174	0	0
1480021995	253	205	0	0
1480020843	55	166	0	0
1480019040	106	74	0	0
1480018831	307	67	0	0
1480021144	91	157	0	0
1480023518	289	213	0	0
1480020529	286	118	0	0
1480020023	195	106	0	0
1480021573	217	180	0	0
1480022097	445	210	0	0
1480021971	70	175	0	0
1480018137	150	16	0	0
1480017900	491	10	0	0
1480019861	403	76	0	0
1480019364	223	44	0	0
1480021609	18	164	0	0
1480019507	273	51	0	0
1480020296	26	110	0	0
1480019130	261	79	0	0
1480018165	325	29	0	0
1480022034	92	164	0	0
1480017936	448	15	0	0
1480023964	476	295	0	0
1480018170	65	23	0	0
1480023505	164	256	0	0
1480019741	139	91	0	0
1480021979	164	203	0	0
1480022671	324	298	0	0
1480018982	147	80	0	0
1480023052	426	283	0	0
1480022168	192	243	0	0
1480018458	195	52	0	0
1480018775	35	63	0	0
1480021121	103	224	0	0
1480023689	96	212	0	0
1480019418	347	86	0	0
1480021749	14	199	0	0
1480021356	130	131	0	0
1480024135	166	296	0	0
1480020641	41	165	0	0
1480020132	355	146	0	0
1480023392	98	228	0	0
1480021133	110	137	0	0
1480018432	192	62	0	0
1480021993	164	204	0	0
1480020186	475	136	0	0
1480021971	324	260	0	0
1480022172	40	206	0	0
1480018161	354	16	0	0
1480019189	368	90	0	0
1480020690	208	154	0	0
1480022680	475	219	0	0
1480020337	222	136	0	0
1480018822	451	55	0	0
1480018515	158	48	0	0
1480021095	180	149	0	0
1480024167	322	5633	0	0
1480019381	296	92	0	0
1480021127	35	186	0	0
1480020878	20	189	0	0
1480019040	75	68	0	0
1480018049	107	21	0	0
1480024334	396	302	0	0
1480023396	362	258	0	0
1480021810	182	171	0	0
1480022761	56	228	0	0
1480019218	170	91	0	0
1480019560	463	118	0	0
1480022461	423	146	0	0
1480020598	316	139	0	0
1480024531	280	417	0	0
1480017874	215	12	0	0
1480019854	438	121	0	0
1480022991	33	312	0	0
1480024738	99	341	0	0
1480021247	415	214	0	0
1480018680	197	63	0	0
1480020973	206	214	0	0
1480023300	349	306	0	0
1480020808	392	151	0	0
1480019054	371	85	0	0
1480022922	447	318	0	0
1480021419	353	175	0	0
1480021691	128	170	0	0
1480019876	208	114	0	0
1480021402	125	181	0	0
1480021603	475	176	0	0
1480018750	188	41	0	0
1480024732	144	411	0	0
1480020875	110	122	0	0
1480022822	237	203	0	0
1480019270	318	57	0	0
1480019290	261	94	0	0
1480018819	437	56	0	0
1480018033	205	19	0	0
1480017775	29	4	0	0
1480019455	168	84	0	0
1480021965	35	244	0	0
1480022980	408	325	0	0
1480024355	59	396	0	0
1480020049	28	138	0	0
1480018088	83	29	0	0
1480024377	272	248	0	0
1480017882	405	14	0	0
1480019836	119	135	0	0
1480023740	259	299	0	0
1480021566	306	219	0	0
1480019372	97	76	0	0
1480018147	269	27	0	0
1480019862	383	147	0	0
1480021530	445	192	0	0
1480021501	270	225	0	0
1480023153	216	286	0	0
1480023857	309	328	0	0
1480018378	215	30	0	0
1480021446	374	183	0	0
1480019230	358	94	0	0
1480024051	241	335	0	0
1480019192	198	97	0	0
1480021940	147	206	0	0
1480022422	280	311	0	0
1480018720	67	30	0	0
1480020004	86	105	0	0
1480019342	67	65	0	0
1480024060	498	339	0	0
1480017928	209	24	0	0
1480018037	512	17	0	0
1480020610	70	110	0	0
1480018580	397	47	0	0
1480019996	59	153	0	0
1480021298	484	95	0	0
1480020866	463	197	0	0
1480018427	420	48	0	0
1480018495	162	36	0	0
1480022322	198	257	0	0
1480018987	465	45	0	0
1480019913	219	120	0	0
1480017798	177	5	0	0
1480018145	399	29	0	0
1480020549	207	152	0	0
1480020520	505	149	0	0
1480020443	263	284	0	0
1480023743	54	267	0	0
1480022473	396	202	0	0
1480022031	477	203	0	0
1480022300	422	200	0	0
1480020214	299	99	0	0
1480018240	163	24	0	0
1480018571	479	51	0	0
1480018449	157	43	0	0
1480021272	83	142	0	0
1480018706	384	28	0	0
1480017776	58	6	0	0
1480019013	378	54	0	0
1480023623	68	281	0	0
1480020131	334	122	0	0
1480018534	226	32	0	0
1480021726	238	210	0	0
1480017965	106	16	0	0
1480018055	456	15	0	0
1480019597	233	105	0	0
1480023405	118	274	0	0
1480017986	305	26	0	0
1480019783	400	103	0	0
1480017923	160	12	0	0
1480017897	108	7	0	0
1480019323	219	82	0	0
1480018259	166	30	0	0
1480020792	255	214	0	0
1480024109	237	273	0	0
1480020141	467	99	0	0
1480020780	241	178	0	0
1480024024	207	318	0	0
1480023651	189	364	0	0
1480018336	348	32	0	0
1480020172	208	136	0	0
1480023894	497	278	0	0
1480017930	387	19	0	0
1480017801	105	7	0	0
1480020192	405	144	0	0
1480021597	161	2879	0	0
1480019720	373	84	0	0
1480019001	305	74	0	0
1480022007	310	197	0	0
1480021059	420	157	0	0
1480018824	405	64	0	0
1480020215	447	170	0	0
1480022336	138	220	0	0
1480022070	162	182	0	0
1480020165	188	122	0	0
1480019848	466	74	0	0
1480022368	217	227	0	0
1480018501	352	56	0	0
1480018140	318	20	0	0
1480022093	279	210	0	0
1480021304	481	186	0	0
1480022683	446	246	0	0
1480024508	351	370	0	0
1480018525	239	42	0	0
1480018861	478	51	0	0
1480018869	212	40	0	0
1480021429	91	175	0	0
1480020406	113	121	0	0
1480019837	20	141	0	0
1480023550	285	261	0	0
1480018973	11	78	0	0
1480023437	307	307	0	0
1480019156	396	40	0	0
1480021470	481	203	0	0
1480018514	197	53	0	0
1480018973	399	69	0	0
1480020468	492	142	0	0
1480019387	308	93	0	0
1480019683	499	79	0	0
1480023298	243	297	0	0
1480018687	376	28	0	0
1480021452	121	157	0	0
1480023820	68	293	0	0
1480018734	18	21	0	0
1480022548	56	218	0	0
1480019609	306	114	0	0
1480018945	363	65	0	0
1480018416	299	21	0	0
1480018783	429	56	0	0
1480021531	296	172	0	0
1480023924	129	224	0	0
1480017900	296	8	0	0
1480019135	435	42	0	0
1480019371	318	60	0	0
1480018503	437	34	0	0
1480020345	359	161	0	0
1480021008	367	115	0	0
1480021451	292	193	0	0
1480020499	127	171	0	0
1480023844	237	261	0	0
1480022139	315	197	0	0
1480020345	237	94	0	0
1480024736	490	362	0	0
1480020784	429	152	0	0
1480019020	122	97	0	0
1480022960	505	233	0	0
1480017785	405	7	0	0
1480019105	493	44	0	0
1480019257	14	93	0	0
1480017833	210	9	0	0
1480022177	261	194	0	0
1480018770	237	39	0	0
1480018764	280	73	0	0
1480023319	492	280	0	0
1480022441	333	227	0	0
1480023209	333	272	0	0
1480018900	429	60	0	0
1480018367	197	37	0	0
1480018807	251	59	0	0
1480019147	299	42	0	0
1480023375	285	250	0	0
1480018500	362	13	0	0
1480021846	510	137	0	0
1480018578	162	40	0	0
1480019022	88	52	0	0
1480022040	182	188	0	0
1480019634	94	104	0	0
1480023392	349	307	0	0
1480023054	412	238	0	0
1480018186	30	31	0	0
1480020576	111	128	0	0
1480022307	125	242	0	0
1480023922	251	284	0	0
1480022963	494	268	0	0
1480023374	498	292	0	0
1480021972	175	201	0	0
1480019686	429	98	0	0
1480024668	125	332	0	0
1480019342	306	99	0	0
1480022409	241	266	0	0
1480022438	127	282	0	0
1480022180	447	269	0	0
1480021727	164	180	0	0
1480020942	381	216	0	0
1480021443	170	246	0	0
1480018237	30	36	0	0
1480020269	30	138	0	0
1480020783	34	173	0	0
1480019011	56	67	0	0
1480024210	476	309	0	0
1480018582	375	28	0	0
1480018433	166	46	0	0
1480021942	471	253	0	0
1480018613	453	22	0	0
1480018897	361	77	0	0
1480019547	12	87	0	0
1480021831	162	159	0	0
1480023973	50	387	0	0
1480020218	381	181	0	0
1480020118	184	104	0	0
1480021906	501	173	0	0
1480021545	362	163	0	0
1480019462	217	65	0	0
1480023355	326	219	0	0
1480020038	254	106	0	0
1480020050	491	140	0	0
1480020117	130	89	0	0
1480019641	292	95	0	0
1480023069	138	256	0	0
1480017965	195	14	0	0
1480020035	412	105	0	0
1480023882	240	295	0	0
1480020790	216	167	0	0
1480018269	65	30	0	0
1480017823	28	7	0	0
1480020664	438	167	0	0
1480024303	66	220	0	0
1480024000	305	349	0	0
1480022893	249	155	0	0
1480022033	9	241	0	0
1480018517	491	44	0	0
1480019217	69	68	0	0
1480020225	476	156	0	0
1480021199	124	199	0	0
1480017984	363	14	0	0
1480019214	478	72	0	0
1480017985	258	15	0	0
1480019059	397	89	0	0
1480020788	32	140	0	0
1480022756	362	219	0	0
1480022847	11	248	0	0
1480021085	279	149	0	0
1480021041	461	166	0	0
1480020165	260	144	0	0
1480020240	434	130	0	0
1480021964	357	217	0	0
1480019583	296	104	0	0
1480019786	431	125	0	0
1480020924	431	170	0	0
1480018142	128	23	0	0
1480018797	444	59	0	0
1480017922	487	8	0	0
1480020073	174	122	0	0
1480024034	352	320	0	0
1480018565	463	56	0	0
1480018082	445	19	0	0
1480018060	219	19	0	0
1480017808	491	5	0	0
1480018336	241	47	0	0
1480018220	131	23	0	0
1480023821	463	341	0	0
1480023511	378	227	0	0
1480023191	463	314	0	0
1480020717	479	132	0	0
1480020047	203	85	0	0
1480018710	266	48	0	0
1480023499	173	232	0	0
1480021376	35	202	0	0
1480019370	292	80	0	0
1480021512	471	241	0	0
1480019569	169	136	0	0
1480022777	398	199	0	0
1480019675	309	101	0	0
1480020021	56	106	0	0
1480018973	268	74	0	0
1480023895	476	294	0	0
1480022105	290	125	0	0
1480022974	235	228	0	0
1480017877	270	8	0	0
1480019569	224	72	0	0
1480018067	34	22	0	0
1480020916	157	145	0	0
1480018640	348	51	0	0
1480018771	392	62	0	0
1480018250	269	33	0	0
1480019045	318	44	0	0
1480019125	56	72	0	0
1480023413	67	281	0	0
1480018774	259	58	0	0
1480018481	485	43	0	0
1480021597	165	204	0	0
1480020270	220	142	0	0
1480020926	20	190	0	0
1480018599	251	46	0	0
1480019372	512	81	0	0
1480022601	102	223	0	0
1480020223	270	154	0	0
1480023798	254	306	0	0
1480022995	188	276	0	0
1480024078	442	346	0	0
1480018079	315	16	0	0
1480018340	74	31	0	0
1480024628	263	446	0	0
1480018932	109	51	0	0
1480020125	197	132	0	0
1480020551	40	130	0	0
1480022062	475	200	0	0
1480022706	359	302	0	0
1480022627	429	246	0	0
1480019480	103	115	0	0
1480021739	497	186	0	0
1480022744	99	228	0	0
1480017790	383	5	0	0
1480020404	235	118	0	0
1480023682	289	218	0	0
1480019496	220	110	0	0
1480022548	241	279	0	0
1480024565	503	319	0	0
1480019297	243	96	0	0
1480022056	184	221	0	0
1480020404	135	85	0	0
1480024460	309	346	0	0
1480021302	473	149	0	0
1480024390	204	260	0	0
1480024647	181	467	0	0
1480018053	68	22	0	0
1480018448	303	38	0	0
1480020314	332	138	0	0
1480019201	97	68	0	0
1480019995	269	93	0	0
1480023295	348	236	0	0
1480017973	111	16	0	0
1480022030	207	253	0	0
1480018255	431	38	0	0
1480017802	359	7	0	0
1480019288	198	103	0	0
1480023239	240	272	0	0
1480020662	191	146	0	0
1480017880	491	8	0	0
1480019734	137	110	0	0
1480018549	70	30	0	0
1480017808	147	8	0	0
1480019662	97	90	0	0
1480020323	415	162	0	0
1480019997	51	121	0	0
1480019192	172	54	0	0
1480018007	76	12	0	0
1480023280	94	304	0	0
1480022763	219	273	0	0
1480019965	137	117	0	0
1480024501	291	38335	0	0
1480022973	299	242	0	0
1480019647	464	86	0	0
1480019026	30	69	0	0
1480020281	351	141	0	0
1480022236	147	228	0	0
1480018606	476	51	0	0
1480020863	197	175	0	0
1480020475	465	93	0	0
1480018816	397	69	0	0
1480018677	357	39	0	0
1480020845	250	140	0	0
1480022703	391	206	0	0
1480018973	307	79	0	0
1480021116	306	185	0	0
1480020574	220	150	0	0
1480018737	485	51	0	0
1480018589	41	51	0	0
1480018154	243	29	0	0
1480019173	270	81	0	0
1480021558	333	174	0	0
1480018459	351	49	0	0
1480020394	333	121	0	0
1480018570	312	61	0	0
1480019201	207	64	0	0
1480022604	68	250	0	0
1480024231	442	353	0	0
1480021356	68	205	0	0
1480020916	294	123	0	0
1480020759	124	181	0	0
1480022932	292	238	0	0
1480018629	128	69	0	0
1480022838	488	282	0	0
1480019889	286	101	0	0
1480020922	482	163	0	0
1480020106	157	92	0	0
1480020325	5	134	0	0
1480018124	240	18	0	0
1480020045	352	120	0	0
1480019493	36	113	0	0
1480021356	396	144	0	0
1480018852	255	52	0	0
1480024772	207	363	0	0
1480017883	157	8	0	0
1480018643	310	42	0	0
1480022879	70	204	0	0
1480017942	8	9	0	0
1480018687	480	42	0	0
1480018817	204	52	0	0
1480021382	504	139	0	0
1480018179	20	30	0	0
1480020830	261	150	0	0
1480021681	171	215	0	0
1480021952	219	234	0	0
1480023918	306	330	0	0
1480019769	271	118	0	0
1480022767	444	250	0	0
1480021425	207	213	0	0
1480023848	344	304	0	0
1480017978	423	7	0	0
1480019884	36	141	0	0
1480024054	326	241	0	0
1480023006	1	210	0	0
1480020099	488	147	0	0
1480019249	475	67	0	0
1480023876	461	334	0	0
1480019523	181	149	0	0
1480017775	380	4	0	0
1480024044	470	263	0	0
1480021071	374	163	0	0
1480018908	308	61	0	0
1480021276	308	189	0	0
1480019203	351	80	0	0
1480017970	198	22	0	0
1480019751	482	100	0	0
1480021384	383	215	0	0
1480018379	421	17	0	0
1480018121	201	25	0	0
1480018299	315	35	0	0
1480018764	414	30	0	0
1480019318	208	84	0	0
1480020891	359	203	0	0
1480021952	88	175	0	0
1480024557	122	389	0	0
1480018531	326	37	0	0
1480017834	507	10	0	0
1480019048	408	89	0	0
1480020759	482	152	0	0
1480018695	121	53	0	0
1480018922	463	78	0	0
1480019711	145	74	0	0
1480019392	234	50	0	0
1480023153	501	220	0	0
1480018070	333	28	0	0
1480024334	482	318	0	0
1480018720	292	51	0	0
1480019239	417	54	0	0
1480021165	315	165	0	0
1480020859	305	180	0	0
1480018490	260	44	0	0
1480017802	260	11	0	0
1480021751	97	159	0	0
1480023827	482	290	0	0
1480019368	248	122	0	0
1480019701	295	66	0	0
1480021952	461	227	0	0
1480022550	239	256	0	0
1480018426	172	22	0	0
1480023677	431	264	0	0
1480024204	497	298	0	0
1480018788	292	56	0	0
1480021010	191	162	0	0
1480022519	444	234	0	0
1480020671	137	161	0	0
1480021742	327	113	0	0
1480017806	117	10	0	0
1480023870	103	383	0	0
1480018856	174	55	0	0
1480021037	264	173	0	0
1480023104	143	252	0	0
1480018816	238	48	0	0
1480022579	177	192	0	0
1480024106	83	267	0	0
1480019102	315	72	0	0
1480020304	463	165	0	0
1480021547	368	191	0	0
1480023355	146	197	0	0
1480017895	363	8	0	0
1480021413	32	183	0	0
1480024462	216	356	0	0
1480021952	68	221	0	0
1480019662	314	98	0	0
1480019021	259	69	0	0
1480020429	344	138	0	0
1480019764	508	86	0	0
1480021390	180	161	0	0
1480018745	412	55	0	0
1480020472	35	151	0	0
1480018109	164	19	0	0
1480021479	450	222	0	0
1480019545	426	98	0	0
1480019229	490	92	0	0
1480021107	361	179	0	0
1480019817	408	140	0	0
1480020108	482	115	0	0
1480019184	445	70	0	0
1480020679	263	289	0	0
1480021058	111	154	0	0
1480021285	437	202	0	0
1480018273	158	32	0	0
1480018125	399	24	0	0
1480019120	398	64	0	0
1480018630	271	48	0	0
1480020205	106	163	0	0
1480023605	314	241	0	0
1480018053	374	13	0	0
1480018618	374	46	0	0
1480020879	102	128	0	0
1480017789	324	6	0	0
1480023501	75	267	0	0
1480023525	195	201	0	0
1480020414	305	138	0	0
1480018378	480	34	0	0
1480021711	337	149	0	0
1480017830	147	10	0	0
1480020239	125	103	0	0
1480018751	317	56	0	0
1480020920	54	157	0	0
1480017982	34	19	0	0
1480018200	347	16	0	0
1480023447	438	311	0	0
1480021371	261	174	0	0
1480024112	272	235	0	0
1480019813	237	73	0	0
1480018094	219	22	0	0
1480020403	447	182	0	0
1480019145	405	96	0	0
1480020262	198	160	0	0
1480018549	99	37	0	0
1480020417	216	149	0	0
1480022189	512	249	0	0
1480020246	90	161	0	0
1480019523	210	83	0	0
1480019188	76	76	0	0
1480019342	197	96	0	0
1480020788	478	127	0	0
1480021952	478	172	0	0
1480019577	165	83	0	0
1480024267	162	297	0	0
1480020759	414	128	0	0
1480021990	41	240	0	0
1480022044	478	175	0	0
1480018549	306	38	0	0
1480021958	241	238	0	0
1480024274	280	394	0	0
1480021377	491	224	0	0
1480018438	309	44	0	0
1480018040	142	21	0	0
1480021952	114	131	0	0
1480021816	464	195	0	0
1480021652	444	193	0	0
1480018834	177	53	0	0
1480017912	173	7	0	0
1480023371	74	249	0	0
1480019899	197	121	0	0
1480020133	3	114	0	0
1480019699	382	77	0	0
1480018809	477	45	0	0
1480021952	471	258	0	0
1480019569	248	140	0	0
1480019841	107	118	0	0
1480017833	5	8	0	0
1480020011	76	119	0	0
1480019630	218	103	0	0
1480024607	510	253	0	0
1480022336	182	213	0	0
1480021381	62	220	0	0
1480018994	216	83	0	0
1480018690	148	49	0	0
1480022977	174	253	0	0
1480018327	424	33	0	0
1480018733	155	48	0	0
1480024652	171	364	0	0
1480017861	139	9	0	0
1480021075	5	167	0	0
1480022124	328	228	0	0
1480018184	469	27	0	0
1480022652	308	284	0	0
1480020639	236	138	0	0
1480017814	349	6	0	0
1480019756	292	99	0	0
1480021507	358	238	0	0
1480021356	207	212	0	0
1480021964	207	247	0	0
1480019862	481	104	0	0
1480018525	348	48	0	0
1480020526	453	84	0	0
1480021650	289	136	0	0
1480017814	447	9	0	0
1480022350	182	214	0	0
1480021966	213	186	0	0
1480019599	293	74	0	0
1480018249	147	32	0	0
1480019431	198	110	0	0
1480022936	434	246	0	0
1480018481	355	49	0	0
1480017842	101	5	0	0
1480019286	271	87	0	0
1480019868	103	146	0	0
1480019937	168	131	0	0
1480023326	355	301	0	0
1480020416	31	97	0	0
1480019290	256	77	0	0
1480021459	492	195	0	0
1480018481	1	45	0	0
1480019278	22	55	0	0
1480019652	351	100	0	0
1480020165	35	133	0	0
1480024677	147	296	0	0
1480021126	505	174	0	0
1480020336	220	144	0	0
1480022620	508	212	0	0
1480019183	106	81	0	0
1480020192	50	186	0	0
1480023757	198	348	0	0
1480020420	411	128	0	0
1480023740	359	356	0	0
1480024369	278	273	0	0
1480023948	204	233	0	0
1480017866	74	8	0	0
1480018484	179	28	0	0
1480018175	121	23	0	0
1480022960	488	296	0	0
1480018306	74	30	0	0
1480019871	255	113	0	0
1480020476	32	119	0	0
1480018973	397	85	0	0
1480019516	160	82	0	0
1480020495	54	135	0	0
1480018407	248	47	0	0
1480019326	42	74	0	0
1480023084	497	245	0	0
1480021546	189	283	0	0
1480018613	219	47	0	0
1480020220	315	140	0	0
1480023274	480	272	0	0
1480024072	353	320	0	0
1480022631	444	243	0	0
1480022344	132	156	0	0
1480023620	485	298	0	0
1480018071	325	24	0	0
1480019569	261	111	0	0
1480018001	448	18	0	0
1480022340	460	199	0	0
1480020909	50	243	0	0
1480019457	492	81	0	0
1480022969	83	210	0	0
1480024279	111	329	0	0
1480021009	477	151	0	0
1480018132	331	29	0	0
1480018207	292	26	0	0
1480022954	464	242	0	0
1480024244	374	284	0	0
1480021135	9	177	0	0
1480022844	59	323	0	0
1480020217	198	157	0	0
1480019420	349	101	0	0
1480022463	306	253	0	0
1480022323	507	271	0	0
1480019476	291	9313	0	0
1480018394	14	44	0	0
1480024398	481	392	0	0
1480019876	390	84	0	0
1480018824	191	68	0	0
1480018851	229	42	0	0
1480018115	501	21	0	0
1480019908	408	141	0	0
1480019253	344	74	0	0
1480019983	363	112	0	0
1480017823	170	6	0	0
1480020312	93	153	0	0
1480023740	150	268	0	0
1480020466	131	101	0	0
1480021199	485	194	0	0
1480024250	122	362	0	0
1480021521	240	187	0	0
1480024140	213	235	0	0
1480018888	229	45	0	0
1480023740	349	328	0	0
1480020759	250	137	0	0
1480018672	432	39	0	0
1480017875	420	11	0	0
1480019059	299	38	0	0
1480018973	251	76	0	0
1480018636	59	66	0	0
1480019102	105	81	0	0
1480020811	289	99	0	0
1480023260	133	402	0	0
1480018442	187	46	0	0
1480024631	255	397	0	0
1480023477	124	344	0	0
1480019056	305	78	0	0
1480020790	491	190	0	0
1480020243	125	105	0	0
1480018973	486	45	0	0
1480020002	54	104	0	0
1480018095	374	15	0	0
1480020979	211	130	0	0
1480024774	106	385	0	0
1480018633	260	50	0	0
1480018338	254	37	0	0
1480019965	466	78	0	0
1480020023	238	126	0	0
1480020828	292	175	0	0
1480022014	480	211	0	0
1480018525	461	48	0	0
1480024292	20	347	0	0
1480019246	355	95	0	0
1480023522	118	278	0	0
1480017984	122	23	0	0
1480022712	431	225	0	0
1480018637	347	42	0	0
1480017938	292	17	0	0
1480023024	399	238	0	0
1480020520	147	130	0	0
1480021985	369	136	0	0
1480019926	241	121	0	0
1480022166	107	196	0	0
1480017775	471	4	0	0
1480023388	461	311	0	0
1480017822	235	9	0	0
1480019211	111	73	0	0
1480018644	239	49	0	0
1480018973	14	75	0	0
1480019447	341	60	0	0
1480021115	305	193	0	0
1480018734	56	48	0	0
1480022248	286	164	0	0
1480017861	262	7	0	0
1480018676	121	52	0	0
1480021873	184	203	0	0
1480019055	40	73	0	0
1480020383	250	122	0	0
1480023873	442	336	0	0
1480018817	114	20	0	0
1480018297	315	33	0	0
1480018931	135	58	0	0
1480018854	291	5004	0	0
1480019194	351	79	0	0
1480018537	507	44	0	0
1480018235	498	32	0	0
1480021053	308	170	0	0
1480019690	145	72	0	0
1480018932	463	81	0	0
1480018515	235	43	0	0
1480019333	208	85	0	0
1480020694	507	168	0	0
1480020469	55	148	0	0
1480021694	238	209	0	0
1480019736	19	114	0	0
1480018002	263	21	0	0
1480022310	412	205	0	0
1480019686	103	137	0	0
1480019792	9	80	0	0
1480017910	206	13	0	0
1480020941	301	167	0	0
1480023900	14	305	0	0
1480019701	148	87	0	0
1480020205	292	132	0	0
1480022202	261	198	0	0
1480017775	171	4	0	0
1480024341	195	240	0	0
1480023454	482	269	0	0
1480022077	102	196	0	0
1480020453	99	137	0	0
1480024023	464	299	0	0
1480019679	357	102	0	0
1480020975	358	209	0	0
1480020084	450	159	0	0
1480020277	498	138	0	0
1480018492	172	23	0	0
1480018937	138	55	0	0
1480020427	90	172	0	0
1480023007	29	317	0	0
1480023997	505	292	0	0
1480018643	289	21	0	0
1480018541	139	40	0	0
1480018736	225	48	0	0
1480023176	507	322	0	0
1480017890	253	12	0	0
1480019500	118	95	0	0
1480017995	192	19	0	0
1480018124	381	22	0	0
1480021434	238	199	0	0
1480019703	32	82	0	0
1480020629	325	178	0	0
1480024578	326	276	0	0
1480018973	255	62	0	0
1480019569	348	86	0	0
1480017942	175	13	0	0
1480020793	175	153	0	0
1480021550	498	195	0	0
1480019336	305	92	0	0
1480020403	36	176	0	0
1480019192	372	77	0	0
1480021230	442	183	0	0
1480021493	213	148	0	0
1480017775	344	4	0	0
1480020816	319	107	0	0
1480019686	170	120	0	0
1480023177	318	313	0	0
1480020431	133	277	0	0
1480020299	403	93	0	0
1480019181	392	79	0	0
1480019865	292	106	0	0
1480023274	32	266	0	0
1480019578	225	84	0	0
1480018502	131	38	0	0
1480018548	405	49	0	0
1480019288	487	71	0	0
1480021791	475	179	0	0
1480018532	160	38	0	0
1480018628	5	53	0	0
1480021952	299	183	0	0
1480021416	211	144	0	0
1480022704	220	291	0	0
1480021335	20	216	0	0
1480017790	299	5	0	0
1480021909	86	215	0	0
1480019429	352	84	0	0
1480022649	463	287	0	0
1480019571	206	126	0	0
1480022054	501	182	0	0
1480022163	465	163	0	0
1480021177	50	253	0	0
1480024111	305	355	0	0
1480019757	506	65	0	0
1480018354	342	25	0	0
1480021479	22	146	0	0
1480022007	182	186	0	0
1480023740	447	342	0	0
1480024239	102	298	0	0
1480023153	317	255	0	0
1480021224	35	189	0	0
1480018973	327	45	0	0
1480022677	400	246	0	0
1480024506	127	351	0	0
1480021252	55	183	0	0
1480018843	162	49	0	0
1480020807	124	182	0	0
1480024073	501	247	0	0
1480021105	280	219	0	0
1480022592	139	201	0	0
1480020029	157	91	0	0
1480020665	220	154	0	0
1480020068	213	92	0	0
1480018026	505	13	0	0
1480019030	341	53	0	0
1480020610	253	130	0	0
1480023579	438	324	0	0
1480019600	217	81	0	0
1480020165	218	114	0	0
1480024755	373	254	0	0
1480020895	415	199	0	0
1480024258	195	233	0	0
1480024334	279	282	0	0
1480022363	35	259	0	0
1480023153	431	243	0	0
1480023987	397	341	0	0
1480018412	281	19	0	0
1480020939	162	110	0	0
1480024644	374	309	0	0
1480018151	20	26	0	0
1480023740	485	312	0	0
1480020199	70	99	0	0
1480024318	476	312	0	0
1480019608	107	108	0	0
1480019155	324	66	0	0
1480019346	383	108	0	0
1480018748	97	39	0	0
1480020995	54	162	0	0
1480019856	307	135	0	0
1480020980	129	133	0	0
1480024637	59	402	0	0
1480022060	252	254	0	0
1480021258	207	202	0	0
1480024007	463	348	0	0
1480022884	59	326	0	0
1480021487	243	178	0	0
1480019699	360	79	0	0
1480020262	220	141	0	0
1480019444	207	72	0	0
1480020106	197	131	0	0
1480018514	334	38	0	0
1480019602	134	94	0	0
1480018664	309	54	0	0
1480018845	359	41	0	0
1480018553	415	57	0	0
1480018004	251	17	0	0
1480018014	115	14	0	0
1480020981	181	237	0	0
1480021654	355	221	0	0
1480020366	408	172	0	0
1480022214	294	167	0	0
1480022291	359	271	0	0
1480019821	103	144	0	0
1480018148	207	20	0	0
1480018588	427	47	0	0
1480024141	162	287	0	0
1480018008	409	16	0	0
1480018973	507	65	0	0
1480020689	464	128	0	0
1480018040	111	24	0	0
1480017983	374	10	0	0
1480019354	205	67	0	0
1480019813	348	96	0	0
1480021847	361	212	0	0
1480019353	118	85	0	0
1480020509	56	139	0	0
1480022548	40	238	0	0
1480018604	469	54	0	0
1480019260	381	106	0	0
1480017793	102	6	0	0
1480023740	431	272	0	0
1480023451	269	203	0	0
1480021326	251	193	0	0
1480018749	218	66	0	0
1480017836	372	9	0	0
1480020308	454	92	0	0
1480024593	389	302	0	0
1480017931	166	9	0	0
1480018819	125	44	0	0
1480024146	108	267	0	0
1480023689	195	205	0	0
1480019028	310	65	0	0
1480019569	204	75	0	0
1480023107	353	264	0	0
1480022085	397	255	0	0
1480022642	234	174	0	0
1480019250	118	82	0	0
1480017804	488	5	0	0
1480022558	192	282	0	0
1480018082	219	21	0	0
1480017966	42	12	0	0
1480023845	464	289	0	0
1480019468	210	80	0	0
1480021383	294	151	0	0
1480022294	325	252	0	0
1480018578	384	21	0	0
1480019062	463	91	0	0
1480019730	424	112	0	0
1480023185	204	200	0	0
1480021883	186	279	0	0
1480019843	108	89	0	0
1480020463	505	140	0	0
1480017866	286	6	0	0
1480022199	243	221	0	0
1480019971	134	116	0	0
1480019850	18	97	0	0
1480023999	175	309	0	0
1480018100	133	169	0	0
1480020697	286	121	0	0
1480018083	157	18	0	0
1480023169	11	270	0	0
1480017937	229	9	0	0
1480023791	165	313	0	0
1480021289	390	142	0	0
1480018593	296	41	0	0
1480019945	1	89	0	0
1480018278	476	23	0	0
1480018378	183	42	0	0
1480019660	285	83	0	0
1480022121	418	159	0	0
1480024621	122	398	0	0
1480020835	204	128	0	0
1480024559	291	38868	0	0
1480024678	403	211	0	0
1480022506	235	202	0	0
1480022836	258	191	0	0
1480020525	349	175	0	0
1480021801	327	117	0	0
1480019939	21	116	0	0
1480022803	192	297	0	0
1480020933	271	187	0	0
1480023198	187	298	0	0
1480023783	106	338	0	0
1480021414	94	201	0	0
1480018714	3	47	0	0
1480021964	66	130	0	0
1480020964	125	140	0	0
1480023609	197	285	0	0
1480017897	368	6	0	0
1480019767	447	139	0	0
1480019344	349	96	0	0
1480021004	355	192	0	0
1480020926	305	184	0	0
1480018616	505	37	0	0
1480017798	334	5	0	0
1480021952	507	257	0	0
1480018461	222	28	0	0
1480019569	295	62	0	0
1480022016	314	202	0	0
1480022553	162	209	0	0
1480018012	263	23	0	0
1480018435	409	32	0	0
1480017806	158	8	0	0
1480021069	60	143	0	0
1480018378	400	39	0	0
1480021529	254	204	0	0
1480020165	362	86	0	0
1480022405	348	186	0	0
1480019138	344	63	0	0
1480018826	121	57	0	0
1480023504	491	335	0	0
1480022608	188	256	0	0
1480022827	177	206	0	0
1480021231	397	185	0	0
1480018479	74	44	0	0
1480022522	110	221	0	0
1480021139	381	229	0	0
1480018993	450	81	0	0
1480018918	198	73	0	0
1480023462	383	333	0	0
1480023686	357	290	0	0
1480024200	204	240	0	0
1480019622	500	115	0	0
1480019304	351	84	0	0
1480019725	144	113	0	0
1480022747	233	306	0	0
1480020652	424	152	0	0
1480018400	344	31	0	0
1480017824	508	5	0	0
1480022028	499	163	0	0
1480017778	194	7	0	0
1480017775	103	4	0	0
1480021146	181	241	0	0
1480022071	299	190	0	0
1480017898	122	16	0	0
1480017856	98	11	0	0
1480018673	98	44	0	0
1480020059	36	151	0	0
1480018542	431	68	0	0
1480021008	310	156	0	0
1480023740	133	430	0	0
1480019285	461	82	0	0
1480020337	9	126	0	0
1480021130	140	128	0	0
1480021868	397	230	0	0
1480019780	238	114	0	0
1480020194	248	151	0	0
1480021581	101	212	0	0
1480023929	446	278	0	0
1480020891	357	170	0	0
1480019193	289	53	0	0
1480020532	105	163	0	0
1480018479	59	53	0	0
1480021927	103	278	0	0
1480023324	272	201	0	0
1480021952	362	179	0	0
1480018602	204	42	0	0
1480018973	341	52	0	0
1480018772	140	41	0	0
1480018936	505	47	0	0
1480018425	324	35	0	0
1480021815	270	239	0	0
1480018484	175	33	0	0
1480024414	415	409	0	0
1480018026	409	17	0	0
1480021689	497	183	0	0
1480018003	485	13	0	0
1480018919	197	78	0	0
1480023910	170	379	0	0
1480022794	391	211	0	0
1480023249	362	244	0	0
1480022799	398	201	0	0
1480019162	307	91	0	0
1480023086	309	299	0	0
1480019486	434	83	0	0
1480023941	165	324	0	0
1480022420	405	247	0	0
1480023550	258	223	0	0
1480018631	93	39	0	0
1480017984	344	14	0	0
1480019032	145	52	0	0
1480020398	471	174	0	0
1480022619	362	216	0	0
1480020408	408	174	0	0
1480020850	466	116	0	0
1480018539	444	51	0	0
1480017882	204	8	0	0
1480018839	261	65	0	0
1480024622	505	328	0	0
1480024115	314	267	0	0
1480022375	97	192	0	0
1480020522	50	207	0	0
1480021679	174	205	0	0
1480023317	192	328	0	0
1480022675	397	288	0	0
1480017966	294	12	0	0
1480023923	408	379	0	0
1480024299	284	254	0	0
1480019422	187	99	0	0
1480020800	357	165	0	0
1480019501	33	103	0	0
1480020165	400	128	0	0
1480018065	352	28	0	0
1480019255	352	82	0	0
1480023650	344	289	0	0
1480019576	97	87	0	0
1480019806	217	92	0	0
1480017775	294	4	0	0
1480018378	254	45	0	0
1480022797	353	241	0	0
1480018538	118	58	0	0
1480018157	341	15	0	0
1480021505	324	229	0	0
1480019584	381	124	0	0
1480018701	187	61	0	0
1480021783	162	156	0	0
1480021498	207	216	0	0
1480021952	431	205	0	0
1480020913	133	301	0	0
1480020555	161	2807	0	0
1480020207	408	161	0	0
1480020279	250	110	0	0
1480019949	421	76	0	0
1480018800	485	54	0	0
1480021416	41	211	0	0
1480018077	171	20	0	0
1480019048	359	55	0	0
1480022027	114	135	0	0
1480018285	30	39	0	0
1480018151	507	23	0	0
1480019788	308	117	0	0
1480018530	383	33	0	0
1480018973	326	51	0	0
1480020850	135	95	0	0
1480021356	88	146	0	0
1480023307	127	305	0	0
1480020409	451	135	0	0
1480022500	355	260	0	0
1480019459	114	40	0	0
1480021865	182	178	0	0
1480021514	305	223	0	0
1480017877	355	7	0	0
1480022657	139	207	0	0
1480018985	19	58	0	0
1480020137	270	144	0	0
1480023784	114	198	0	0
1480021847	399	188	0	0
1480018973	1	53	0	0
1480018533	309	47	0	0
1480017976	358	12	0	0
1480018414	448	38	0	0
1480024250	444	314	0	0
1480019966	389	92	0	0
1480020510	359	169	0	0
1480018952	174	57	0	0
1480020693	11	159	0	0
1480024526	308	394	0	0
1480020674	488	174	0	0
1480019835	325	129	0	0
1480023745	195	216	0	0
1480021427	20	226	0	0
1480017900	231	14	0	0
1480018072	422	23	0	0
1480020518	352	141	0	0
1480021383	147	173	0	0
1480023760	397	331	0	0
1480019064	405	86	0	0
1480020455	475	149	0	0
1480018612	161	48	0	0
1480022573	259	259	0	0
1480018710	268	58	0	0
1480022163	392	201	0	0
1480017806	306	7	0	0
1480018781	175	45	0	0
1480021356	76	179	0	0
1480020835	285	154	0	0
1480018912	64	49	0	0
1480019947	352	113	0	0
1480022373	351	248	0	0
1480017900	168	11	0	0
1480021870	162	167	0	0
1480018609	423	31	0	0
1480019768	145	76	0	0
1480017775	508	4	0	0
1480018170	41	30	0	0
1480023153	107	245	0	0
1480021358	487	145	0	0
1480019978	55	119	0	0
1480022472	34	270	0	0
1480018015	74	17	0	0
1480021778	237	153	0	0
1480019518	124	118	0	0
1480021772	98	138	0	0
1480019025	229	53	0	0
1480020759	164	114	0	0
1480021687	442	217	0	0
1480023141	74	229	0	0
1480020342	35	146	0	0
1480024280	481	383	0	0
1480018421	100	29	0	0
1480022678	114	151	0	0
1480019708	67	87	0	0
1480021228	166	181	0	0
1480022708	233	300	0	0
1480020179	362	87	0	0
1480017799	374	5	0	0
1480020871	359	201	0	0
1480019439	80	72	0	0
1480021441	480	190	0	0
1480021595	3	173	0	0
1480022765	216	264	0	0
1480018973	498	63	0	0
1480020662	509	103	0	0
1480018482	327	27	0	0
1480019409	309	89	0	0
1480023326	41	305	0	0
1480021479	82	141	0	0
1480018121	59	30	0	0
1480024776	67	362	0	0
1480022264	50	306	0	0
1480019522	289	65	0	0
1480022199	414	232	0	0
1480020185	172	98	0	0
1480024359	403	205	0	0
1480020251	125	106	0	0
1480022780	492	262	0	0
1480020836	183	150	0	0
1480023631	399	269	0	0
1480021952	211	166	0	0
1480020909	383	192	0	0
1480018426	295	24	0	0
1480018049	255	21	0	0
1480022614	86	237	0	0
1480023422	91	255	0	0
1480017775	381	4	0	0
1480018433	424	46	0	0
1480018567	110	37	0	0
1480022581	192	284	0	0
1480021962	144	297	0	0
1480019705	339	50	0	0
1480022030	492	230	0	0
1480024254	291	37531	0	0
1480022971	133	388	0	0
1480018378	240	39	0	0
1480018661	280	69	0	0
1480019128	5	76	0	0
1480018147	347	14	0	0
1480019549	248	132	0	0
1480024346	431	304	0	0
1480019135	255	73	0	0
1480022578	306	261	0	0
1480019297	118	84	0	0
1480021751	59	266	0	0
1480022200	124	262	0	0
1480019701	188	94	0	0
1480018695	260	54	0	0
1480019397	375	51	0	0
1480019761	148	91	0	0
1480021560	184	185	0	0
1480021597	114	116	0	0
1480017823	442	10	0	0
1480020165	316	113	0	0
1480024756	238	368	0	0
1480023199	162	248	0	0
1480020996	426	179	0	0
1480024506	452	368	0	0
1480018447	170	43	0	0
1480023002	177	212	0	0
1480019097	226	68	0	0
1480022112	188	217	0	0
1480018897	235	55	0	0
1480022415	415	294	0	0
1480024108	299	313	0	0
1480020269	263	273	0	0
1480019450	500	101	0	0
1480021325	390	144	0	0
1480023225	269	192	0	0
1480019115	177	73	0	0
1480023418	34	312	0	0
1480017829	36	9	0	0
1480018489	477	30	0	0
1480021089	489	138	0	0
1480023740	271	326	0	0
1480019602	226	90	0	0
1480021768	359	246	0	0
1480023973	317	288	0	0
1480019647	508	84	0	0
1480021152	97	143	0	0
1480018485	349	22	0	0
1480021762	172	130	0	0
1480020397	127	166	0	0
1480019904	466	76	0	0
1480017810	6	7	0	0
1480023567	363	303	0	0
1480020932	488	194	0	0
1480020165	285	119	0	0
1480021443	18	156	0	0
1480018423	392	51	0	0
1480021588	318	219	0	0
1480018738	90	66	0	0
1480021384	308	203	0	0
1480018845	138	49	0	0
1480020630	442	132	0	0
1480020490	470	116	0	0
1480020263	213	106	0	0
1480018983	452	43	0	0
1480019487	389	75	0	0
1480024435	1	291	0	0
1480023235	478	237	0	0
1480023860	351	320	0	0
1480017909	34	16	0	0
1480023334	111	299	0	0
1480024137	482	305	0	0
1480020583	437	165	0	0
1480023885	209	372	0	0
1480020254	473	91	0	0
1480019668	362	60	0	0
1480021527	415	233	0	0
1480020529	291	18093	0	0
1480021275	421	159	0	0
1480018322	115	29	0	0
1480022504	422	202	0	0
1480019131	19	71	0	0
1480020090	501	85	0	0
1480019701	303	111	0	0
1480024395	501	268	0	0
1480019309	18	64	0	0
1480021167	237	119	0	0
1480018412	162	33	0	0
1480024222	469	304	0	0
1480021771	503	205	0	0
1480019297	301	70	0	0
1480023308	307	298	0	0
1480021748	170	267	0	0
1480023433	477	253	0	0
1480022322	341	188	0	0
1480017931	357	15	0	0
1480018522	170	49	0	0
1480020123	62	130	0	0
1480019307	315	82	0	0
1480017914	456	10	0	0
1480022359	88	190	0	0
1480023048	315	242	0	0
1480023086	405	284	0	0
1480020378	263	281	0	0
1480018527	391	32	0	0
1480019137	54	62	0	0
1480020902	420	147	0	0
1480020947	429	157	0	0
1480023892	444	291	0	0
1480018708	50	71	0	0
1480020269	498	136	0	0
1480023190	505	263	0	0
1480023740	399	276	0	0
1480022314	351	242	0	0
1480018504	181	78	0	0
1480020961	102	132	0	0
1480023305	389	239	0	0
1480019364	254	81	0	0
1480021448	485	218	0	0
1480023972	182	309	0	0
1480018352	51	36	0	0
1480019650	447	132	0	0
1480024065	497	290	0	0
1480020165	233	140	0	0
1480020830	503	180	0	0
1480022450	69	230	0	0
1480024714	255	402	0	0
1480017795	66	5	0	0
1480022943	20	279	0	0
1480023531	101	291	0	0
1480020081	359	136	0	0
1480019309	254	79	0	0
1480018552	268	55	0	0
1480017923	60	10	0	0
1480022503	415	303	0	0
1480020368	464	107	0	0
1480023624	415	356	0	0
1480019618	1	68	0	0
1480019094	400	67	0	0
1480018124	351	22	0	0
1480020978	111	149	0	0
1480018387	391	27	0	0
1480020873	456	123	0	0
1480018558	390	32	0	0
1480019895	197	119	0	0
1480020759	219	165	0	0
1480018030	333	27	0	0
1480023752	145	229	0	0
1480018418	107	46	0	0
1480020759	86	147	0	0
1480019840	362	72	0	0
1480020404	212	118	0	0
1480018168	463	22	0	0
1480018828	179	57	0	0
1480019041	482	58	0	0
1480018988	164	51	0	0
1480019245	301	65	0	0
1480019709	22	80	0	0
1480020327	333	118	0	0
1480023828	129	221	0	0
1480018283	284	25	0	0
1480022344	105	288	0	0
1480019836	499	84	0	0
1480019404	233	90	0	0
1480019942	184	93	0	0
1480020633	392	136	0	0
1480020368	334	135	0	0
1480020267	1	113	0	0
1480020660	75	140	0	0
1480018549	89	21	0	0
1480018257	209	34	0	0
1480018973	415	80	0	0
1480017927	252	9	0	0
1480019617	138	95	0	0
1480019240	438	83	0	0
1480020100	447	151	0	0
1480018238	293	28	0	0
1480023180	490	303	0	0
1480018716	502	68	0	0
1480022515	414	249	0	0
1480018795	353	37	0	0
1480018833	268	63	0	0
1480018378	268	36	0	0
1480019018	28	73	0	0
1480018403	166	43	0	0
1480022312	140	162	0	0
1480018278	29	33	0	0
1480018255	181	49	0	0
1480020392	165	124	0	0
1480023527	344	283	0	0
1480019793	383	143	0	0
1480023794	373	218	0	0
1480021672	438	218	0	0
1480017987	422	18	0	0
1480018859	361	75	0	0
1480024653	29	385	0	0
1480024574	217	323	0	0
1480017955	59	19	0	0
1480020759	216	162	0	0
1480021415	255	260	0	0
1480018085	337	17	0	0
1480021716	55	218	0	0
1480021264	362	133	0	0
1480021507	445	191	0	0
1480017980	273	12	0	0
1480018777	167	51	0	0
1480023520	478	241	0	0
1480020787	312	176	0	0
1480022230	220	265	0	0
1480024591	415	416	0	0
1480020048	476	141	0	0
1480023183	254	294	0	0
1480020671	144	184	0	0
1480018640	391	43	0	0
1480022007	269	144	0	0
1480022796	99	232	0	0
1480024289	142	260	0	0
1480017801	180	5	0	0
1480019144	471	91	0	0
1480022548	389	198	0	0
1480024048	102	293	0	0
1480021213	415	210	0	0
1480022612	477	222	0	0
1480020802	195	145	0	0
1480018230	497	24	0	0
1480020879	55	170	0	0
1480018109	307	24	0	0
1480019224	170	92	0	0
1480018399	456	34	0	0
1480021539	174	198	0	0
1480018361	333	43	0	0
1480020407	502	145	0	0
1480022918	315	234	0	0
1480017824	218	7	0	0
1480018473	198	49	0	0
1480021595	33	233	0	0
1480024656	218	312	0	0
1480019075	299	40	0	0
1480018727	114	18	0	0
1480020442	94	153	0	0
1480018005	208	10	0	0
1480021660	18	167	0	0
1480023305	189	350	0	0
1480019921	383	151	0	0
1480022564	289	178	0	0
1480021682	490	233	0	0
1480024674	153	313	0	0
1480018186	492	25	0	0
1480020801	184	141	0	0
1480020797	53	143	0	0
1480019585	119	123	0	0
1480020805	213	137	0	0
1480018901	169	87	0	0
1480021580	150	195	0	0
1480022357	111	250	0	0
1480023319	431	248	0	0
1480019379	239	89	0	0
1480018562	167	43	0	0
1480022037	259	222	0	0
1480020298	64	120	0	0
1480022848	197	252	0	0
1480024444	260	284	0	0
1480017786	129	7	0	0
1480019569	208	102	0	0
1480018620	404	45	0	0
1480017973	66	11	0	0
1480018786	307	63	0	0
1480021575	128	166	0	0
1480020815	83	124	0	0
1480018070	433	14	0	0
1480018410	497	36	0	0
1480018669	508	40	0	0
1480023190	129	205	0	0
1480019057	383	86	0	0
1480021104	307	203	0	0
1480018091	271	23	0	0
1480017956	491	14	0	0
1480019174	31	33	0	0
1480021479	381	253	0	0
1480022825	481	288	0	0
1480018461	179	26	0	0
1480021268	482	179	0	0
1480018635	243	61	0	0
1480024100	289	245	0	0
1480023354	422	261	0	0
1480023807	280	377	0	0
1480021244	207	199	0	0
1480019018	477	59	0	0
1480024131	310	299	0	0
1480017969	285	13	0	0
1480018470	103	46	0	0
1480021980	422	179	0	0
1480019646	504	82	0	0
1480018378	269	41	0	0
1480023713	192	347	0	0
1480019634	181	171	0	0
1480019570	332	115	0	0
1480018152	118	30	0	0
1480019020	148	70	0	0
1480021626	97	157	0	0
1480023153	340	168	0	0
1480019407	216	107	0	0
1480021500	310	181	0	0
1480023201	408	343	0	0
1480024708	424	315	0	0
1480017868	498	8	0	0
1480019186	389	61	0	0
1480021465	310	179	0	0
1480023449	197	277	0	0
1480021169	442	174	0	0
1480021889	462	127	0	0
1480020779	396	129	0	0
1480021129	129	148	0	0
1480021984	492	229	0	0
1480020765	204	122	0	0
1480022917	98	199	0	0
1480017942	374	9	0	0
1480024128	317	296	0	0
1480021176	280	222	0	0
1480024095	36	334	0	0
1480021079	314	167	0	0
1480020180	348	121	0	0
1480024687	130	280	0	0
1480022088	456	170	0	0
1480019963	108	96	0	0
1480019645	497	101	0	0
1480023153	142	202	0	0
1480017775	239	4	0	0
1480019307	308	90	0	0
1480024156	74	288	0	0
1480020926	40	148	0	0
1480023740	68	290	0	0
1480019051	415	86	0	0
1480018485	251	39	0	0
1480022346	102	209	0	0
1480018629	37	33	0	0
1480020745	75	146	0	0
1480019885	299	77	0	0
1480019476	351	89	0	0
1480023572	322	5600	0	0
1480019026	351	76	0	0
1480024114	312	359	0	0
1480018993	198	81	0	0
1480019777	499	82	0	0
1480020846	22	128	0	0
1480019807	476	124	0	0
1480024594	452	376	0	0
1480022645	461	269	0	0
1480018803	172	39	0	0
1480022412	467	172	0	0
1480021888	207	239	0	0
1480024730	50	429	0	0
1480019519	447	121	0	0
1480020475	271	167	0	0
1480018378	211	35	0	0
1480021012	420	153	0	0
1480017960	268	13	0	0
1480021952	490	251	0	0
1480020494	34	153	0	0
1480019919	359	125	0	0
1480018648	492	47	0	0
1480022602	29	285	0	0
1480024474	180	322	0	0
1480020493	41	156	0	0
1480017819	444	7	0	0
1480020101	107	133	0	0
1480019281	305	88	0	0
1480018788	248	79	0	0
1480024683	75	319	0	0
1480020224	179	119	0	0
1480017853	331	10	0	0
1480023444	255	332	0	0
1480020131	429	111	0	0
1480018318	195	34	0	0
1480023000	77	203	0	0
1480024334	237	288	0	0
1480022871	234	179	0	0
1480019062	480	68	0	0
1480024681	358	412	0	0
1480020269	452	129	0	0
1480023740	314	248	0	0
1480024587	351	373	0	0
1480020913	165	153	0	0
1480023473	429	279	0	0
1480019647	19	109	0	0
1480019763	285	89	0	0
1480022402	88	191	0	0
1480019127	391	66	0	0
1480024133	142	245	0	0
1480023656	357	288	0	0
1480021046	248	204	0	0
1480018302	332	26	0	0
1480018814	93	51	0	0
1480019309	19	88	0	0
1480020048	20	150	0	0
1480023349	165	291	0	0
1480019751	362	66	0	0
1480020856	86	153	0	0
1480021280	91	164	0	0
1480017953	92	11	0	0
1480023111	315	244	0	0
1480024350	452	364	0	0
1480018279	390	21	0	0
1480022622	307	266	0	0
1480019329	158	69	0	0
1480023962	241	331	0	0
1480019871	207	104	0	0
1480020468	389	110	0	0
1480018705	306	46	0	0
1480017991	306	13	0	0
1480019766	55	107	0	0
1480023621	362	279	0	0
1480019371	18	65	0	0
1480022221	355	248	0	0
1480020503	224	100	0	0
1480018109	354	14	0	0
1480019569	251	105	0	0
1480020547	204	106	0	0
1480018561	130	35	0	0
1480020222	90	159	0	0
1480021365	352	196	0	0
1480020405	491	156	0	0
1480019746	312	130	0	0
1480019989	383	157	0	0
1480023481	389	249	0	0
1480020339	139	123	0	0
1480024515	161	3030	0	0
1480018898	70	39	0	0
1480019317	286	76	0	0
1480019526	305	107	0	0
1480020295	332	136	0	0
1480023201	476	268	0	0
1480022941	371	233	0	0
1480020944	82	129	0	0
1480020840	307	192	0	0
1480019854	415	139	0	0
1480020361	285	129	0	0
1480020263	14	136	0	0
1480021737	471	245	0	0
1480022743	318	283	0	0
1480022814	342	174	0	0
1480021153	501	137	0	0
1480018398	62	43	0	0
1480018973	303	64	0	0
1480019917	206	139	0	0
1480021060	140	124	0	0
1480024412	138	330	0	0
1480023533	192	336	0	0
1480019164	127	103	0	0
1480020619	464	122	0	0
1480023263	488	311	0	0
1480021687	111	193	0	0
1480018464	400	42	0	0
1480022769	310	232	0	0
1480019810	3	109	0	0
1480019235	31	35	0	0
1480018417	135	26	0	0
1480018456	191	51	0	0
1480018811	300	52	0	0
1480022281	28	247	0	0
1480020800	55	164	0	0
1480022548	383	292	0	0
1480022435	370	238	0	0
1480022621	76	239	0	0
1480020185	421	90	0	0
1480017886	41	18	0	0
1480023983	488	343	0	0
1480018520	400	45	0	0
1480024667	258	282	0	0
1480022053	442	238	0	0
1480024023	417	291	0	0
1480018378	462	15	0	0
1480023305	452	288	0	0
1480019821	334	110	0	0
1480021397	98	117	0	0
1480018724	208	51	0	0
1480021053	174	174	0	0
1480019022	406	32	0	0
1480019653	212	67	0	0
1480019151	166	103	0	0
1480018973	497	62	0	0
1480022799	218	224	0	0
1480020073	314	116	0	0
1480018527	272	53	0	0
1480020827	452	158	0	0
1480019644	107	110	0	0
1480019193	45	59	0	0
1480021952	347	174	0	0
1480018421	493	24	0	0
1480017794	157	6	0	0
1480019256	317	84	0	0
1480023866	471	327	0	0
1480019207	274	71	0	0
1480018035	304	13	0	0
1480017926	59	18	0	0
1480022609	40	243	0	0
1480018129	35	21	0	0
1480020786	470	133	0	0
1480018399	325	39	0	0
1480018780	353	36	0	0
1480018199	181	48	0	0
1480018223	467	14	0	0
1480018844	103	70	0	0
1480018378	348	40	0	0
1480019492	217	66	0	0
1480020665	280	184	0	0
1480020563	369	92	0	0
1480019959	208	116	0	0
1480017802	258	7	0	0
1480020840	310	148	0	0
1480024388	210	280	0	0
1480019072	447	105	0	0
1480022657	154	132	0	0
1480021678	482	195	0	0
1480019039	185	49	0	0
1480024334	177	290	0	0
1480018068	226	15	0	0
1480020495	507	156	0	0
1480019771	306	121	0	0
1480020266	222	133	0	0
1480018042	109	18	0	0
1480023206	309	308	0	0
1480024279	370	308	0	0
1480021309	464	165	0	0
1480021324	36	227	0	0
1480019135	383	92	0	0
1480019195	68	93	0	0
1480020928	478	128	0	0
1480019654	75	95	0	0
1480022826	422	220	0	0
1480022877	36	302	0	0
1480019252	378	74	0	0
1480022941	253	247	0	0
1480019040	357	65	0	0
1480018973	132	51	0	0
1480020854	306	173	0	0
1480020186	353	125	0	0
1480019140	334	75	0	0
1480018722	55	52	0	0
1480024622	415	417	0	0
1480019189	434	65	0	0
1480023173	415	333	0	0
1480021839	51	207	0	0
1480018503	464	25	0	0
1480019050	182	79	0	0
1480021790	399	183	0	0
1480019169	383	95	0	0
1480018210	142	29	0	0
